4 1000 1800
317 518
789 758
555 314
424 978
523 943
145 759
931 640
182 917
285 255
777 513
753 186
470 379
468 758
935 525
906 487
500 951
688 124
685 947
139 327
559 635
172 506
593 963
249 631
906 92
67 98
112 150
739 113
700 557
17 754
238 363
493 652
8 691
566 565
961 75
767 727
598 127
284 950
508 10
451 281
520 777
884 880
926 794
638 956
548 249
516 905
16 869
686 963
5 133
721 488
719 801
215 58
530 975
321 342
286 520
883 811
72 413
253 667
978 460
491 579
170 714
809 884
850 462
517 124
25 74
529 388
760 537
421 185
77 299
949 255
417 774
860 819
529 626
608 752
292 151
41 165
676 688
771 838
847 82
352 576
427 25
672 658
159 950
588 913
485 954
21 319
445 51
495 325
577 898
624 852
658 417
38 864
573 397
341 902
388 179
146 402
488 584
657 388
863 25
255 273
974 154
357 386
872 100
18 978
593 972
881 15
691 515
209 226
326 314
592 821
233 447
205 16
812 319
676 166
93 370
567 487
528 227
378 567
46 763
235 690
275 146
776 494
836 867
373 104
194 845
411 800
224 338
183 890
904 774
980 965
555 188
223 580
6 924
828 434
286 645
481 848
584 851
187 257
62 249
626 243
333 973
890 614
585 48
544 163
879 399
932 313
600 799
140 395
155 319
984 307
148 479
163 692
493 335
197 309
254 198
706 477
338 687
84 657
102 594
269 497
85 828
514 663
797 196
589 918
436 560
649 968
241 585
277 795
592 281
840 814
615 551
355 924
244 851
772 967
31 333
333 950
736 555
689 314
916 264
345 724
445 948
968 131
81 821
510 860
534 626
717 224
310 229
37 969
741 892
300 576
750 5
377 600
7 617
884 189
95 564
61 808
243 871
871 885
130 135
926 206
434 11
624 353
237 486
868 647
510 945
934 677
893 67
527 324
238 988
752 176
949 428
297 181
923 880
830 315
309 996
82 9
837 913
515 993
303 31
455 964
18 92
674 918
121 872
384 3
480 954
692 557
292 492
256 488
800 56
218 652
137 613
741 713
921 15
963 919
350 220
543 423
656 407
785 774
916 804
959 461
297 305
720 556
606 877
814 688
294 368
364 263
359 593
150 473
859 40
894 428
232 731
553 718
806 522
917 682
229 839
480 445
468 991
394 489
440 156
512 946
551 236
824 370
857 943
187 681
945 321
357 843
211 815
607 471
83 289
133 447
801 692
175 866
846 516
133 38
459 485
37 44
334 983
803 40
316 734
190 453
767 409
432 150
922 53
347 397
315 345
853 667
164 958
237 773
343 85
923 312
576 204
366 327
807 28
220 23
281 841
653 167
374 502
650 34
486 802
186 491
793 776
176 488
984 487
426 99
918 950
757 580
567 361
250 549
418 947
217 375
113 641
149 522
915 196
206 652
455 291
23 339
947 948
971 553
142 327
834 978
521 170
720 667
927 126
636 754
237 91
384 997
412 476
382 777
785 535
361 600
631 711
119 887
990 379
561 789
413 318
306 895
933 659
378 815
51 2
236 612
620 621
329 846
906 201
889 658
225 178
379 802
50 45
296 874
737 844
586 826
349 269
549 519
274 22
639 894
921 171
697 866
430 559
48 768
753 380
264 724
563 969
495 217
908 53
653 663
535 121
118 509
161 255
911 529
947 359
113 513
219 482
100 450
981 887
819 156
384 334
723 326
29 93
519 297
78 745
6 757
56 762
414 122
867 542
536 417
414 99
94 526
259 444
558 170
629 656
808 938
422 631
606 300
858 711
391 74
915 571
299 563
199 573
993 689
449 567
554 830
337 364
624 928
972 249
337 556
327 205
7 441
661 746
721 27
791 816
711 960
765 921
947 299
979 736
672 958
147 755
892 171
278 602
165 694
245 325
666 373
248 902
582 846
813 192
532 483
778 729
642 937
764 633
80 437
940 116
664 451
862 45
607 172
880 316
504 956
98 512
280 249
562 11
105 145
73 303
642 829
319 12
901 489
573 489
242 240
933 600
358 589
789 368
957 828
35 972
975 640
787 406
86 604
778 848
990 32
596 937
771 529
250 943
808 631
188 346
361 81
124 659
456 950
405 717
322 157
774 747
324 229
134 507
496 757
98 58
593 998
740 340
968 904
344 892
818 945
55 854
565 2
508 441
724 402
155 528
519 311
129 57
335 766
157 296
544 956
663 739
627 486
806 773
274 794
33 619
321 423
861 679
988 952
260 57
740 934
744 488
25 194
239 405
631 82
423 722
995 316
873 500
138 793
550 875
19 524
863 931
669 124
774 528
762 474
174 735
902 587
57 845
584 794
135 214
460 789
910 931
973 297
673 989
542 45
607 578
589 620
946 189
613 143
483 892
855 582
156 672
282 484
563 143
216 744
798 633
166 615
312 934
69 455
138 5
403 353
366 686
395 562
57 253
733 593
707 769
267 756
500 224
67 121
912 656
861 37
531 768
472 551
420 454
20 401
665 420
948 252
805 461
210 583
665 182
385 538
535 21
416 70
988 207
663 802
696 842
227 259
767 821
11 567
498 45
206 721
773 335
237 35
601 702
285 493
952 474
583 277
962 561
399 703
984 945
735 131
191 793
694 29
559 239
472 180
257 454
827 291
50 297
312 302
152 729
489 970
728 372
714 275
515 870
661 478
946 890
98 277
857 982
849 807
502 336
950 662
5 277
640 163
617 618
797 647
522 847
138 434
469 698
268 627
751 637
71 912
822 953
212 860
198 877
681 751
666 91
51 714
213 781
652 606
978 341
318 137
942 932
758 184
911 499
14 946
574 933
682 40
98 619
276 474
68 104
201 604
738 96
279 411
46 621
419 312
249 41
340 503
944 794
755 977
220 167
80 566
629 728
63 922
474 308
725 31
221 204
188 22
27 954
558 373
742 689
60 389
214 46
973 430
950 983
763 382
433 168
409 288
958 335
925 84
394 34
560 779
995 319
546 972
660 685
650 849
669 917
231 402
169 117
455 709
470 343
734 133
140 189
446 792
375 568
34 917
133 963
704 373
752 800
126 911
379 181
168 29
488 463
197 217
579 667
898 968
340 461
557 36
394 985
417 609
3 97
783 392
900 321
73 350
200 421
143 200
904 280
858 832
775 283
872 785
484 229
887 764
17 620
670 201
401 4
898 767
216 985
262 404
486 960
116 625
622 332
408 66
754 469
738 883
877 541
157 62
267 681
737 699
316 37
228 987
328 304
228 495
913 235
709 604
465 620
490 699
272 491
790 27
763 10
170 934
373 276
154 562
819 619
352 863
295 475
863 54
491 810
317 815
688 586
389 654
938 569
9 945
654 469
132 431
629 815
315 513
941 211
151 504
820 236
30 867
957 226
79 856
268 819
252 159
569 399
517 499
63 743
493 216
756 111
815 599
721 766
192 750
984 742
506 490
44 636
477 466
581 79
141 367
700 481
53 7
56 770
882 304
879 255
669 910
413 558
322 250
179 530
825 936
702 478
792 772
32 53
518 816
614 362
475 72
747 530
715 544
480 380
182 723
556 43
799 376
697 478
711 568
259 567
804 337
831 195
853 351
438 425
978 474
758 43
250 991
223 388
159 342
330 497
8 881
197 697
239 177
616 111
332 984
262 413
719 945
944 684
664 637
240 465
687 213
315 576
98 87
24 546
236 496
710 371
758 197
226 668
440 182
816 233
698 896
812 928
481 645
323 956
47 704
402 288
85 802
442 173
421 428
776 462
979 315
768 398
734 385
577 118
446 921
770 273
25 893
920 353
424 450
715 502
97 531
323 553
282 528
387 229
409 134
456 656
571 97
668 894
790 690
123 7
870 288
467 632
419 906
481 583
320 516
722 30
74 456
189 391
511 147
526 763
661 337
604 663
585 971
593 742
572 401
508 609
43 155
655 163
708 449
385 400
561 538
371 266
214 731
598 640
695 599
875 327
831 600
866 218
397 820
557 888
232 722
769 121
603 114
246 247
852 375
245 385
29 708
58 357
873 550
314 399
493 108
125 750
964 835
876 87
131 306
536 416
251 235
364 255
990 422
934 97
3 198
54 930
174 940
186 143
555 500
7 246
833 152
68 807
252 207
456 441
416 452
814 229
732 724
111 425
859 381
679 303
181 827
54 2
263 450
405 748
636 833
386 630
88 711
287 534
432 94
12 672
127 371
437 945
49 217
324 493
285 466
365 760
753 319
86 890
985 755
226 205
478 32
619 820
592 486
667 430
626 54
74 40
960 700
828 998
492 321
104 382
430 847
463 497
208 766
461 484
505 223
24 485
587 858
524 806
118 557
230 602
74 601
908 560
533 198
603 325
465 263
923 630
140 406
23 198
200 611
525 92
454 95
453 745
304 701
22 479
971 372
566 778
718 166
197 767
886 220
464 952
169 404
826 730
844 439
695 74
243 432
802 188
782 367
929 609
808 836
983 69
398 404
165 355
654 306
112 157
596 519
863 539
714 391
346 326
718 56
479 152
560 862
499 656
473 714
146 97
909 252
458 432
874 664
928 401
18 96
726 900
318 961
729 758
914 974
760 268
6 358
986 767
193 362
456 277
256 465
765 842
860 814
184 999
288 231
689 50
484 444
609 877
938 446
591 660
291 998
956 537
543 887
110 242
72 600
998 771
90 871
127 691
311 247
77 973
85 361
349 575
204 232
524 238
553 124
153 553
192 974
903 545
440 528
471 458
137 816
710 109
205 211
515 494
498 710
623 84
195 925
256 448
987 209
899 293
89 681
701 294
444 678
617 702
437 77
821 6
1000 268
387 925
319 58
888 962
923 74
867 992
992 381
773 627
943 453
358 301
572 398
253 743
918 580
493 656
728 353
604 875
935 137
562 66
600 970
783 774
283 993
509 734
328 493
392 34
841 691
683 664
645 136
799 801
415 143
354 69
353 317
109 145
367 756
608 194
632 122
788 897
4 790
656 111
97 695
716 283
484 454
494 740
730 337
326 59
114 291
678 533
960 199
70 951
805 469
139 997
484 902
937 435
21 452
218 264
646 938
253 280
376 275
426 820
448 266
784 643
545 870
775 98
56 588
34 147
501 456
589 990
522 857
57 804
915 16
321 810
96 830
991 324
113 704
711 824
622 476
406 671
379 330
882 350
92 541
243 682
764 18
185 749
471 853
370 272
592 506
575 241
39 217
518 352
236 662
576 648
595 746
198 397
997 744
282 844
285 275
503 252
65 203
413 93
682 494
160 805
177 86
896 866
573 472
35 809
743 432
721 59
283 185
14 537
924 70
229 912
314 398
918 273
449 66
420 92
568 768
381 673
606 939
782 778
786 755
788 291
816 556
213 928
115 819
580 364
293 710
903 931
153 209
12 90
870 543
325 365
987 441
764 448
411 970
104 692
547 884
977 4
97 903
705 406
545 241
106 261
487 244
171 72
650 364
313 258
970 932
105 102
272 334
528 661
677 928
537 861
134 32
955 490
367 642
902 504
610 128
447 936
24 325
817 590
306 947
597 811
298 320
226 81
336 757
832 893
59 730
474 713
128 382
867 602
591 31
270 200
712 404
391 595
135 634
91 763
419 211
770 70
637 753
434 704
989 427
44 595
131 627
258 767
256 246
425 359
377 210
780 927
685 471
100 790
721 927
521 820
734 409
62 272
770 780
745 957
101 252
844 109
814 291
487 147
69 249
276 349
277 126
339 574
427 75
42 975
781 665
602 86
822 808
11 575
538 208
437 619
885 619
166 617
578 5
179 343
980 892
266 184
132 525
270 698
939 352
444 728
605 70
314 681
541 694
141 387
39 251
219 731
510 954
90 97
847 87
106 72
853 209
16 958
306 760
781 685
120 873
571 514
860 664
919 109
743 798
452 286
655 565
208 210
345 149
372 304
553 30
66 463
680 219
779 905
360 332
284 416
887 259
890 964
868 533
2 191
556 165
784 984
564 49
221 272
594 925
571 102
919 812
89 842
481 651
701 547
99 279
264 860
198 818
564 169
489 214
451 598
966 847
138 694
701 236
958 646
793 788
552 297
845 622
745 39
76 753
288 235
704 187
31 649
180 686
242 647
64 410
261 670
56 805
118 479
521 275
685 627
439 136
303 729
821 270
122 868
342 434
167 923
358 235
269 347
533 959
322 590
795 811
162 548
716 965
590 341
788 707
406 581
259 643
692 524
989 327
343 75
606 778
905 674
751 939
109 769
804 417
655 229
404 857
255 269
36 567
805 340
451 748
254 821
639 830
804 588
338 763
931 912
258 251
57 660
400 852
953 930
982 581
951 446
672 781
433 505
925 388
691 102
945 711
761 201
967 422
497 783
249 256
820 679
911 753
218 277
641 146
748 704
836 746
539 900
888 33
618 89
449 596
882 662
732 496
816 105
733 545
843 676
434 614
278 322
950 767
497 305
638 995
410 612
92 795
507 108
540 574
84 571
625 813
512 845
790 744
348 951
11 13
458 441
249 767
930 615
103 282
907 918
259 198
240 104
957 733
467 867
517 789
969 122
228 651
234 443
6 309
378 754
132 835
331 24
610 50
826 757
476 545
362 995
315 257
599 293
447 860
144 424
428 271
13 469
341 551
351 497
644 527
725 643
290 401
527 174
99 944
482 486
756 997
869 322
68 987
203 973
136 254
693 205
222 90
55 611
59 768
659 118
500 480
576 912
631 856
178 940
628 780
415 339
457 407
196 525
82 487
588 420
444 581
899 667
895 15
551 652
201 812
871 731
81 741
48 355
98 990
513 311
548 40
199 852
667 132
851 566
864 934
15 81
897 553
579 462
828 935
702 690
52 316
299 614
903 642
87 770
827 52
298 121
319 786
865 911
358 57
424 590
749 902
671 232
412 668
956 147
789 55
39 877
976 668
838 992
946 220
521 262
397 957
782 337
705 960
699 821
383 197
846 404
807 964
835 296
271 340
364 824
435 573
241 304
891 358
572 844
205 169
26 635
568 506
277 730
554 419
483 48
563 195
30 152
343 590
913 984
279 267
401 944
340 443
990 406
574 378
979 480
465 29
478 627
37 126
569 819
442 917
705 637
219 410
364 893
146 505
107 688
406 4
441 522
62 816
703 83
295 197
155 815
393 197
999 151
450 533
175 783
808 401
594 751
611 469
68 917
856 668
656 664
979 910
552 911
478 308
570 352
647 410
917 532
302 26
10 771
759 660
564 185
202 407
70 72
158 41
291 225
851 932
996 601
936 491
312 300
636 962
343 136
580 214
537 924
396 64
690 723
742 214
727 115
56 509
323 706
298 574
983 576
954 756
848 535
644 316
392 584
255 384
290 122
462 323
942 440
648 297
198 222
811 318
40 458
965 516
986 946
656 934
50 979
635 545
305 717
407 952
839 509
193 260
570 798
699 928
273 1
615 62
397 678
677 24
623 562
987 314
95 382
858 52
883 663
598 341
599 187
386 873
961 995
518 525
582 744
384 25
997 983
75 369
579 557
289 196
859 61
74 854
468 333
854 690
561 757
75 333
675 839
861 800
265 293
631 838
343 684
181 855
662 144
472 506
72 830
546 246
696 558
665 413
552 26
117 479
79 415
356 55
166 715
800 147
275 872
682 881
286 917
380 532
436 879
233 934
612 180
141 528
384 232
228 489
957 25
738 778
623 181
634 391
560 202
844 992
731 119
938 401
602 946
368 395
937 995
930 635
490 713
914 618
581 591
443 176
766 322
433 44
994 813
309 879
592 633
141 577
186 844
718 911
713 237
875 167
466 399
716 205
9 232
207 582
106 386
214 95
390 253
643 254
927 563
57 26
878 950
363 297
633 131
882 136
43 346
369 742
308 430
108 196
941 657
307 782
438 491
369 306
801 91
161 885
842 110
889 932
899 358
301 788
292 681
89 865
86 852
843 335
786 875
823 873
173 399
451 525
999 780
810 707
110 122
232 740
247 403
690 140
974 178
630 237
833 382
537 150
480 301
45 786
724 804
490 562
48 820
794 731
167 229
621 178
822 593
806 215
177 223
429 600
274 806
829 473
450 244
885 657
291 877
746 86
429 956
227 416
790 495
373 198
28 255
617 446
302 716
942 333
955 528
675 480
651 908
405 893
149 69
796 778
251 743
304 721
260 115
217 954
618 37
255 86
47 410
251 801
683 811
684 202
431 900
912 23
305 129
