5 100 180
84 76
82 21
86 67
67 54
7 8
47 25
60 75
62 28
40 91
47 15
3 4
84 66
16 67
94 95
79 56
39 48
35 81
30 38
17 43
90 28
96 97
92 93
52 64
71 13
6 75
28 82
22 31
98 99
9 10
11 68
49 31
4 71
54 83
14 84
50 78
31 24
43 69
91 92
75 68
93 94
81 33
69 90
89 44
25 22
62 12
31 20
76 63
53 14
28 27
48 46
23 35
34 80
55 80
78 90
65 93
26 19
70 17
87 13
38 87
42 26
54 81
8 15
50 42
66 63
45 97
20 53
64 44
59 55
32 74
27 21
72 58
4 5
33 96
60 11
40 85
55 45
5 60
1 77
80 66
33 45
22 74
34 84
5 6
68 25
18 61
2 30
72 36
37 36
20 59
79 18
14 29
53 34
48 99
85 65
36 86
57 73
41 49
51 50
21 23
43 78
56 61
86 57
9 52
77 70
66 48
12 82
73 83
13 26
70 51
45 39
2 3
15 32
77 30
32 89
29 76
52 89
15 52
6 7
56 14
97 98
65 35
26 72
21 65
24 53
99 100
83 33
10 64
90 37
51 87
25 32
57 20
74 24
3 38
69 62
88 37
42 88
78 88
82 85
27 16
49 57
87 42
85 92
73 59
67 73
81 95
68 41
80 39
89 79
8 9
23 54
58 49
17 50
16 23
7 47
19 58
88 72
1 2
46 100
11 19
13 11
74 79
75 47
24 56
19 41
36 16
38 71
71 60
58 86
37 27
95 96
12 40
63 46
39 98
44 18
41 22
30 51
35 94
59 34
83 55
61 29
