3 100 120
24 18
76 10
67 74
58 94
47 33
40 54
22 34
64 16
83 65
53 74
98 93
63 29
54 13
75 28
89 82
91 27
70 63
55 35
50 40
99 70
2 16
42 45
84 61
82 49
4 37
48 93
37 36
52 95
16 56
87 12
4 52
32 79
4 72
38 29
14 83
19 83
69 74
73 28
45 60
95 85
88 5
28 4
18 92
96 65
74 33
99 37
34 73
59 47
66 50
26 80
57 10
20 41
27 48
80 98
72 90
86 46
41 65
78 93
46 29
89 37
81 82
77 93
62 24
56 37
21 25
69 82
5 84
6 94
18 44
100 80
48 86
43 51
100 14
3 2
77 98
35 83
36 81
8 28
79 88
51 39
7 1
92 71
23 35
39 10
12 74
10 55
68 87
33 15
59 28
49 8
34 25
94 12
60 34
90 60
85 53
98 56
27 60
97 7
20 17
64 78
55 34
13 7
11 35
11 55
55 33
44 6
15 77
30 34
65 29
71 54
29 32
17 88
25 2
9 61
91 35
17 98
93 43
31 83
61 62
50 36
