32122222132321232332231
23232212321122222121311
31121211213122222232323
32221223222221223212212
31212212222212221222322
31322232222222132322112
31222323232322211222222
32221111020222212222222
31233332232221323322121
32121212212222202022332
32232222232323223331112
21122223120213231212233
32321212132311122312111
21223333222222222223332
23322122222222132221113
22122222122213122221222
22222222312223132222223
22212121213212121212212
22323232322312232323232
32312222222213122222221
21322223212313222221223
31212221223122221322321
23332232313232213212231
