221232322222322323123232
232322122232222212222122
222212131202121232233232
212223232323232221120212
233222221222222212232323
121212223222222222223213
232232221222222232312123
322120132312223111223223
212233221222221122212012
332222223232132222333223
121122212022222222121221
332232222122223223222223
213113223223112212122222
322113122123232212322223
222222223121121221211222
222222212132221112222223
322221223322212323222122
312222222121322222123223
312312112231212113232223
232313332132212213021203
121321222230322222233323
321212221132213122222113
132322232231222022213222
132232323123233320232131
