2212223222222323223212231
2323232322221213222232321
2232121222232322112121223
2122232121221122221222222
2232022232223232132232122
2123232222222222232121233
2232222222232223122132212
2122222323112212222222223
2232221212113223211222222
3112121212221201222222223
2123333333122322221222121
3211211111222222233222232
2322232311120222112233213
3222322233232222322112123
2221222122222332223322213
3222221212121211211112222
1222232323222322323232222
2222222222221322222122112
3222122222222312222232333
2213222112221322222131202
3232223222222222232232333
3121322122222221212121121
3131113231222211223232322
2222132032312223222211323
1312223231323232222323201
