2223332231232333233321
2321121221222211312123
2122323232221220222212
2121212122223132322333
2221123223232220222122
2233222212122221322222
2122232323221131222223
2232121202232221312121
3112222223221232323332
2113213222132212221203
2312323123222232211332
2213111222122122322120
2203232313232322022232
2223221322111122322212
3211222222333231222222
3122221231122222321323
2212132132222121223221
1323222231223222321122
2212222222232222222313
2322221222122222223232
3222222122222122222120
1132312323233232222231
