2221121212322222323122311
2322233332212322112232223
1312212021321223232122222
2322223232222312122232121
2121222123221323223123232
3232323222122312212222113
3122213022222232323213222
3212222233223121112232322
3223232222022132322221113
2221121223222231210222232
3221232222120211232222223
2222212223132322231121221
3121222221132121132221222
3232222231112232312222113
3223232122323212232122222
2212022222212222121322223
3122333222123122231221212
2331212122131122222323332
1222223213132222221222111
2222232123122222221112233
3222113222223122312333122
2131232122222321322221232
3231122322131222221232122
2212222222231312231321233
1232132222231232022232311
