2212122232322322323233323211
2323232220231222212212212223
2222221232312221322223202222
2222122311222132222212323132
2223121323222122222223103122
2222121322222222222312222132
2122221212122222221211221022
3232121323022223232222222333
3123232303231212121221222211
2212222223032323222212322122
2223212312231211222323122212
3212122211121221222212222223
2223212232332332312222222212
3221212120212121222212222323
2112233333323232222221231212
3223221112212022123121222332
2120222322213232232233221121
2333221212322232122212232322
1112122332312221232222211323
3322221121312122121212323212
2113132231213122232323212223
2113231122322221222221222113
2222132212222212222132312213
3223211222222223123221311121
1212323222222213212223223332
2221212222232223123112210212
3132322222221213213231312223
2323232322232323223132322001
