22222222323223221222333311
22212212112212132322212223
23323233232223321311221222
12123122222222213111232222
23112132122212213232231232
22213122222223323122123113
22232332222222113223112122
23121222323213231211222221
22132120212223123211322123
32222332322111212231211222
22122221222232223113323223
13111222222212213112122221
32233212122322122222112223
21202122220212222111222222
32323222222312213332221113
23222222122222222212212232
21122222221222122122323121
23212212232212123232212223
12113232212221231122232323
31223121323032132312121112
22122133213222221221232233
12223221223123123122122221
22122032303222222212212122
23223221323122221322222203
32223122202222222303222222
11312323333323231232123231
