3132332312223123233333232131
2232121322132131222022123221
2112232221123132213222122223
3113212122122131223123223112
2311222232232213212222213122
3111222122121323112232323222
3232122222222303222121211213
3223221111211323132322223323
1212223222323112211222312122
2222221122212331222212222223
3222211122131212223332222221
2222233323323321211121322232
3221121221202032223231212203
2222222211323221212132332223
3222221222232311222222121113
2222221121110213222222223223
3222232232322312222222221123
1212212222122223221212231122
2321323132122112223323222223
3122212211223111221122222132
2211231222212231122122212223
3222211122322223312122211222
2222113223222212223223232223
1222222221222222212323112221
3222222222212223321211323232
2232322222222311223222211213
3211203222220212211112232321
1232232122232322233332322231
