2222232232312223222131
2322121231222221223231
2122332132222211312223
2232122221222231322222
2213231221222323211223
3223122223221212233222
2212322311222212202223
3222212211322222322222
2222112231220221322321
2222213212222222220223
2222222323112202222322
3113122111321322322223
2132222232212322312221
3121212222121211222122
2333221222221323212213
1202132312212212221122
3333321222223123212323
2121212222213222211213
3222211212222123223213
2222222332222121212232
3223122021221222211220
1222222333123332332231
