221222222132223123232232311
232322222322231131223232233
221212231122131122212021122
222323211131221322223333221
222212323132332222322212232
222223222221222221212221203
222222221223221232322223332
222122232212232211222311111
323232221222220322212112323
112022232322322213333322132
222322210212222111121223222
311222222322323232322221222
121221122131211221222222123
233222221211322212322213232
312222232311223121221323123
122222212223222121322312222
222121332222213221322212213
323333122221323122212223232
221212122121302221223222120
222222323211323122322032332
321231212222212121222221112
112221322322223231222223232
222132221212211132213232222
313222222322232311222112222
232222223222211223221223222
022222221112223322222122213
132223123333322212312222311
