32122222232322222322311
23232212121222312122323
31121323232221223221121
32232312223231222323333
31231222212021221221202
22113222223333231322333
22213122221112031222121
21313232222123221312223
23212121222223211232312
22323222232312223222223
22212121220213121222222
22121211323322222221213
33233321222032323222313
21312123123230202222223
32213222132022323323223
12222223122213221212112
33121212132212223222323
22233323213223111132122
32122132223213232113222
23123122222213121323223
31132121112313122202112
21122221322222112213233
13223123232322331232311
