223233333223212312333333321
232212020221322313111102123
122123333221212212223222222
322231202132313223222121223
112121323222223122312333232
222132322222213222111212023
313322221222232113232222232
221212232323121222112132223
222322221211122122333321121
321212212221223231111223232
212322232232322132222121313
332222121111212221211232213
121312211323223223223211313
332221222212221212221232312
212222122133122322122321222
322222223212121322212223223
123112212223211312222221122
221122223112211313112232223
211221113232323212113222232
232232222131112222311221123
223122322311132222221322321
212121211323132322131321222
223121322322221222231222313
213232221221222221222221222
323123232323223221322222222
113222111312122112222222113
132122323223222323231223232
