222222222332132333232231
232122122213222221223231
122322211221121222212123
231210232231222322222122
222232312231222222322223
222231222122231231111213
222213222322132121132313
222323123222221222323232
221203212122222221212111
222323123322122122122323
222223231213232222232122
222221111321122232222322
311232322122222121221222
232322122122222321322321
121222122221311111312223
322222323221223331312222
121221212322320222322223
233332222221222220121312
302112222121322231232233
232323123232232222203122
122212222222122222212131
311233232222232121322122
212212122222123222312213
132132222223232222223232
