22222222323232312323122231
23222322212222222222231320
12222212322222222312231222
33222232222223222222122323
22123121222211213212232112
32132232222221213122121323
23122113232132212212233222
32222211122231221323212131
22210232312121322302222232
32223221232232311223131221
22212222221320322212232223
32322211131232302111222112
31212222221311323331122223
32332332311222211212222222
22121221213232323322222123
32222221322221222022221222
22222232222222222232222223
22222221212221132222222222
22222232223222131122222222
32222121222213122322212122
21223232222222231212223233
33222223222222222322122221
12122212222323231213232222
23223232112202122223121223
32222023111323232212122221
11223232233202222233332231
