1000
1 14451
1 9887
1 181
1 6421
6 6651
3 6421
6 1660
4 4
1 21222
4 5
5 10143
3 21222
6 12598
6 4444
4 5
6 20548
5 6632
2 181
1 22441
1 4319
5 4934
1 9129
4 8
4 8
3 22441
6 5473
1 2256
5 6937
4 9
1 12551
2 6421
3 22441
1 26567
5 4493
5 19753
1 15869
4 12
1 3104
1 4441
6 16507
1 15581
3 4441
6 19486
3 14451
5 11401
6 8295
4 15
3 9887
6 8423
4 15
6 22727
6 26311
1 13366
5 24093
2 3104
4 16
1 2862
5 4201
2 21222
2 22441
5 2877
2 12551
2 15581
6 15899
6 15851
4 17
6 7075
3 2256
6 8111
3 15869
5 5698
6 8622
3 26567
1 5603
1 456
6 5797
6 26436
6 3893
3 4319
5 13894
1 19356
2 4441
1 13597
5 3176
4 21
4 21
1 759
1 7514
4 23
5 1508
5 7707
2 2862
2 15869
1 10433
1 20245
6 7595
3 5603
1 26267
1 14644
2 5603
5 4396
4 27
2 7514
6 15763
1 30932
4 28
1 3784
3 13366
6 1491
6 9775
6 23768
4 29
3 759
2 19356
3 759
1 17691
2 26567
6 2158
6 2375
1 16059
6 17408
1 5478
1 22127
2 30932
2 14451
2 2256
4 33
4 33
3 3784
1 26397
3 759
2 3784
3 13597
3 9129
4 34
4 34
4 34
1 22149
6 1624
6 23399
3 13366
6 1849
3 14644
4 35
5 25063
3 26267
3 17691
6 6511
5 858
6 22207
3 26397
4 35
1 16115
5 5236
4 36
6 1975
4 36
2 5478
4 36
4 36
3 22127
2 13597
3 22127
1 9864
4 37
6 4202
3 26267
5 6553
1 21465
2 26267
4 38
1 9922
5 21073
1 18125
2 10433
2 16115
1 28062
6 24150
3 18125
6 26189
6 22945
2 28062
1 4652
6 10194
4 42
3 456
2 9129
3 26397
6 11571
3 20245
1 26416
2 26397
1 19561
5 4329
5 21378
6 25838
4 44
3 456
3 17691
5 6961
5 5736
6 22884
2 9887
1 11622
6 23745
4 45
4 45
3 4319
1 23280
5 12401
1 5914
4 47
6 14254
4 47
6 6449
4 47
6 7129
2 18125
1 16688
3 14644
5 5976
1 31094
3 4652
4 49
6 7108
3 13366
1 26496
1 27765
5 24723
5 6060
4 51
6 28547
2 23280
4 51
3 26496
1 6604
2 16059
5 655
4 52
5 8380
6 24605
4 52
1 5684
5 8187
3 31094
1 27136
5 1311
4 54
1 17653
1 1263
5 4657
6 14659
1 8050
2 16688
1 5230
3 14644
1 20675
1 13355
6 3141
1 24245
5 26369
4 61
1 4673
2 6604
4 62
2 13355
4 62
5 23035
5 2452
6 8452
4 62
6 24559
2 11622
4 62
4 62
1 17284
1 29266
6 864
3 17653
6 15845
3 20245
2 4319
6 30802
4 64
2 26496
4 64
1 244
2 5914
3 17284
6 25700
5 17894
1 5671
1 23650
1 22820
5 6593
3 22820
6 12285
6 13167
5 3289
1 5339
2 19561
4 69
5 2081
1 11172
4 70
4 70
1 15789
4 71
1 19760
3 17284
5 28146
3 5230
1 29863
6 19095
1 28114
5 11471
5 24858
5 3049
4 74
3 29863
5 5086
3 24245
6 25105
5 12286
1 17030
5 14552
2 11172
3 27136
4 75
3 759
6 7820
4 75
2 22127
6 24905
3 8050
3 17653
1 19320
6 16720
6 765
3 15789
4 76
6 3100
2 9922
6 6684
6 18152
1 11289
4 77
5 17873
5 6612
6 12147
5 12802
5 12136
4 77
6 2837
5 27188
5 1682
2 15789
1 16314
3 26416
5 4147
3 4673
4 78
1 20435
6 607
3 5684
4 79
6 10746
2 14644
1 17834
2 17030
4 80
1 26719
6 5235
6 24212
5 25111
1 12884
5 1753
1 17484
4 83
3 9864
1 24454
5 25154
2 31094
3 4673
2 20245
2 11289
3 13366
1 13859
6 5556
2 28114
6 2988
5 16867
5 4547
3 21465
1 15573
4 86
1 22021
2 17691
4 87
2 22820
6 9764
3 13859
4 87
6 9577
5 2224
4 87
4 87
4 87
5 2042
6 2928
2 17653
3 24454
2 26416
3 5339
1 20197
1 30517
6 22618
2 23650
4 89
4 89
5 15946
3 15573
3 29266
4 89
5 24417
4 89
1 16094
3 17834
3 20197
1 20531
1 23836
5 18023
2 16094
2 5671
5 4521
4 92
2 17834
2 20435
6 29369
2 4673
3 17284
6 14302
4 92
3 13366
3 1263
2 19320
3 27765
3 22021
6 6548
6 13634
3 13366
1 22018
3 19760
6 28973
1 7421
5 11823
2 23836
2 5230
5 28963
5 14249
1 27662
6 15163
3 17284
1 18974
1 11573
1 27875
2 22149
5 28360
6 11542
2 21465
4 98
6 7265
4 98
3 16314
2 17284
4 98
3 30517
2 26719
3 29863
3 29863
3 27875
6 8215
3 24454
2 7421
6 1448
2 4652
1 24132
4 99
3 24454
1 25549
1 11014
4 101
6 15512
5 1843
3 29266
2 25549
3 9864
4 101
4 101
5 13458
3 15573
1 26773
6 12759
6 6002
6 5630
4 102
1 24505
1 24601
2 759
5 2868
3 5339
2 29266
3 24245
4 104
4 104
2 1263
6 24815
6 26839
1 28299
5 11616
1 26074
5 10976
2 22021
6 4745
3 29863
2 13366
3 27875
2 27662
4 106
6 9002
3 13859
6 19309
3 27765
6 3531
4 106
3 244
6 7391
1 5154
1 11796
4 108
3 24245
3 27765
1 7113
5 1623
6 5111
5 4711
4 109
4 109
2 12884
6 23660
3 15573
3 11796
5 29433
6 29724
1 26188
3 27765
6 27684
2 27136
3 26188
4 110
1 7532
2 24505
2 26074
4 111
5 28142
3 5684
4 111
5 19231
4 111
6 3321
6 24714
2 5684
4 111
6 25036
2 24601
2 11573
1 28042
6 27235
4 112
2 29863
4 112
6 19158
4 112
5 24949
3 28299
6 6325
6 23597
3 8050
1 10151
3 19760
2 24454
1 13606
1 4133
4 115
1 1483
4 116
6 8386
3 7532
3 24132
4 116
4 116
4 116
6 12147
2 10151
1 203
5 1623
6 28578
4 117
5 26320
3 7113
1 10013
6 9719
1 31542
5 25645
1 12250
3 4133
2 24245
1 12280
6 17273
4 121
1 9449
2 5339
5 7063
3 7113
4 122
2 11014
3 15573
3 7113
2 13606
4 122
4 122
3 27765
1 611
6 29517
3 9864
5 8273
5 14486
4 123
6 25648
6 10806
3 31542
1 16462
5 2300
5 7943
5 22454
2 19760
4 124
1 27516
1 19225
4 126
5 14261
1 27749
4 127
4 127
4 127
4 127
4 127
1 5371
6 27470
3 1483
5 18322
2 13859
4 128
3 1483
6 1456
6 4711
3 20531
2 611
1 23798
1 25348
3 20531
6 10101
1 18899
1 4018
4 132
1 12156
6 3878
5 6507
1 32672
3 12156
2 30517
4 134
3 19225
5 4199
1 23248
3 10013
2 7532
1 13005
2 20531
6 7240
6 16366
5 14926
2 25348
4 136
3 456
1 24243
5 27181
3 15573
3 16462
4 137
1 7820
5 7443
6 20121
6 10269
3 5154
5 6190
4 138
6 30201
6 8337
2 27875
3 5371
2 5371
3 4133
1 24779
5 28547
4 139
3 11796
5 1523
5 13469
1 11458
1 1097
3 23248
5 20068
3 13005
6 31225
1 4099
5 28818
5 31103
2 24779
5 16788
3 8050
1 7445
6 27545
3 16314
4 143
6 8303
1 28783
5 8300
5 1028
4 144
1 18797
3 28783
1 355
1 12610
1 13899
5 15041
6 10132
4 148
5 216
2 1097
5 27112
4 148
3 27749
4 148
3 17484
3 23248
1 27210
2 355
1 26176
5 1113
2 13899
2 20675
6 27044
2 7820
6 28870
3 28783
2 23248
5 17578
2 244
1 12461
5 27765
3 16314
1 2446
1 477
5 7023
5 3820
4 153
3 7113
6 21869
4 153
4 153
6 14624
2 22018
2 18797
4 153
2 9864
2 12461
2 27749
5 10700
2 18974
1 11992
1 9090
2 27210
3 18899
5 12344
5 2533
1 7251
4 156
1 29294
4 157
5 3235
4 157
6 4189
3 17484
3 8050
5 5095
1 18212
2 16314
2 15573
5 3056
3 8050
3 5154
1 803
3 11458
2 203
2 20197
1 12111
2 17484
3 27516
3 11458
4 160
2 12156
2 23798
2 7445
2 9449
3 24132
2 1483
1 20879
2 18899
1 30732
3 30732
1 8464
4 163
5 20467
1 14642
1 3427
3 7113
4 165
6 31467
6 27539
5 32289
4 165
5 15474
3 24132
3 18212
5 6110
3 12610
3 12111
4 165
2 13005
4 165
2 16462
6 18954
1 11678
4 166
5 30077
4 166
5 19401
3 26188
2 803
4 166
2 20879
6 2616
1 646
4 167
5 11495
3 26176
5 17107
4 167
6 24098
3 12111
2 5154
3 4133
1 4553
6 26913
2 12111
4 168
5 3927
2 12610
5 6173
2 31542
3 32672
4 168
5 15773
1 9547
3 14642
5 28068
6 11837
1 14256
1 8200
5 27871
4 171
4 171
1 30477
3 11678
5 25262
1 32086
6 13223
2 7113
6 5228
4 173
5 13984
4 173
4 173
4 173
6 16271
6 29847
1 28224
4 174
2 29294
1 18938
6 31881
2 4099
1 21248
1 8455
1 31487
1 18671
1 19116
5 13625
5 3349
6 20096
1 10253
3 11992
4 181
2 477
4 181
1 7215
3 28224
1 26897
4 183
4 183
3 646
3 32672
4 183
5 26724
5 2463
5 10189
5 4522
2 19116
2 27516
6 30195
6 20664
6 591
5 1087
2 18938
6 26037
5 25896
3 14256
3 28042
1 15778
2 456
1 29823
5 874
1 6734
3 15778
3 15778
2 26188
2 8050
4 186
3 9547
2 21248
6 8270
4 186
2 4018
3 30477
1 16085
1 9496
6 25172
4 188
1 24666
6 20886
6 7369
2 26176
3 24243
4 189
1 438
4 190
5 27900
4 190
5 6205
6 7872
1 7822
4 191
5 3585
1 6770
4 192
5 27543
6 24574
4 192
4 192
6 16737
1 13309
4 193
2 438
5 2131
1 5528
6 12155
3 7822
5 26329
5 29444
